$ANSIBLE_VAULT;1.1;AES256
35643563366663333137636236373837636638643164366566386361366434333464373434373238
3862326133636539323533396465333164396561623739310a376663303362343839323163633562
62343165633061613236623664636132343038653035656663326337633838303331373664313832
3437343532366361380a353739643432663335303664323738653736643230343362336235316364
31653737313739316339623135623861353331326364313865366433326535323938343439333161
31613165393635623437356464616430343538653135636333646431616662313531636130666539
33383030376335353435316532616138643736343536383062336666343566663235663530353031
64306336663134616433303937326433373832653337643534343934343838613937393135643138
31303132313266336463323761633362383630326365383636646637393164323866616161613262
65646364623930333665313463346130623734313537643362316237366466336633383137646530
37396635653063373736366432396532323931373865343235663933356331613066636562653966
34323038653636383965363065303862636436636238633934333361633464333633643435363330
3939
