$ANSIBLE_VAULT;1.1;AES256
65303132656263333864633265653733306531653766373938343033316536336333653366323234
3362663164343935373435636330633834393038353231380a346635666432616437323863326166
37373334333266353663623834656237653538326165373762366530633238306561316434396463
3365313939326230610a306339663830363534363835323736613235343662356335373237393061
39313539626635366430353766316161346535666232643865346133616530653136306364613364
38386164376166303662333234646639376230316461633731376266363839323931633764303634
33613966323361656230366565613264653937623065396337646434623434616534393165346233
35333937356565646231666339376537356261653838356666376236363633636633333338613262
36363665333332396534363465353639346564323838656536636566303035353331303466663130
35376662353962626234346666393866346362373833363262663364613539613762306234376133
66386532646438353232626137313365633331366363303066373635333966653462323233326532
32316636396664373933316365323863353737653364623066393561653337643139396364346535
34396262363438393464656336636334396539303036363666633763336461653935656338323965
38343762376163653031313961353763393432353038626330356532303036333865623432656266
66626636393963636530326663616636336164386332353334363735383130636333663263633630
35666435636634363864346633666537643366653866386661313031616130386531333364383237
38313730653637386331346362393132323437663839353163303166663664636466356562363162
34623161613330643139643838663532373737623430396462313232313735613931303664306638
37613666373834303363663262353330386262623664343632613966353830323537336162346465
31313635333836363066
